{
    "frames": [
        {
            "file_path": "result_1",
            "transform_matrix": [
                [
                    0.6720144622460522,
                    0.35445357190472226,
                    -0.6501993741974732,
                    -2.229966685878526
                ],
                [
                    -0.7376862458605817,
                    0.24343713441317888,
                    -0.6297279819516197,
                    -2.1923067955121693
                ],
                [
                    -0.0649266571455765,
                    0.9028296295373199,
                    0.42506874859277194,
                    1.4158763509816608
                ],
                [
                    0.0,
                    0.0,
                    0.0,
                    1.0
                ]
            ]
        },
        {
            "file_path": "result_2",
            "transform_matrix": [
                [
                    -0.26652144755001805,
                    -0.24996291570639803,
                    0.930851688928401,
                    2.9890287319738658
                ],
                [
                    0.9634434107468426,
                    -0.09640385553043818,
                    0.24996571801551012,
                    0.860679397989679
                ],
                [
                    0.02725558380934027,
                    0.9634443174828862,
                    0.26651887516996886,
                    0.9629469182699397
                ],
                [
                    0.0,
                    0.0,
                    0.0,
                    1.0
                ]
            ]
        },
        {
            "file_path": "result_3",
            "transform_matrix": [
                [
                    0.996681872915279,
                    0.08139368846366628,
                    -0.00045510957174186943,
                    0.062193088727012034
                ],
                [
                    -0.02961414483082071,
                    0.3574110615504649,
                    -0.9334776014817976,
                    -3.1599068905729375
                ],
                [
                    -0.0758165098253206,
                    0.9303937488428222,
                    0.3586355223213688,
                    1.230442419098167
                ],
                [
                    0.0,
                    0.0,
                    0.0,
                    1.0
                ]
            ]
        },
        {
            "file_path": "result_4",
            "transform_matrix": [
                [
                    -0.5936239552636511,
                    0.2775359648666132,
                    -0.7553702992342546,
                    -3.2115237514394157
                ],
                [
                    -0.803068266947772,
                    -0.1437840632495429,
                    0.5782796378374621,
                    2.4674358978509114
                ],
                [
                    0.051883256681524624,
                    0.9498946324974935,
                    0.30823400208557006,
                    1.4710505918391086
                ],
                [
                    0.0,
                    0.0,
                    0.0,
                    1.0
                ]
            ]
        },
        {
            "file_path": "result_5",
            "transform_matrix": [
                [
                    -0.5936239552636511,
                    0.2775359648666132,
                    -0.7553702992342546,
                    -3.2115237514394157
                ],
                [
                    -0.803068266947772,
                    -0.1437840632495429,
                    0.5782796378374621,
                    2.4674358978509114
                ],
                [
                    0.051883256681524624,
                    0.9498946324974935,
                    0.30823400208557006,
                    1.4710505918391086
                ],
                [
                    0.0,
                    0.0,
                    0.0,
                    1.0
                ]
            ]
        },
        {
            "file_path": "result_6",
            "transform_matrix": [
                [
                    -0.5936239552636511,
                    0.2775359648666132,
                    -0.7553702992342546,
                    -3.2115237514394157
                ],
                [
                    -0.803068266947772,
                    -0.1437840632495429,
                    0.5782796378374621,
                    2.4674358978509114
                ],
                [
                    0.051883256681524624,
                    0.9498946324974935,
                    0.30823400208557006,
                    1.4710505918391086
                ],
                [
                    0.0,
                    0.0,
                    0.0,
                    1.0
                ]
            ]
        }
    ]
}